# P4.5 — measured segment stream: pulse_us rest_us, one segment per line
# song: s_Princess (title set, id 7) ; armed frame 2681 ; 400 frames
7.829 2658.054
7.829 2658.054
7.829 2658.054
7.829 2658.054
7.829 2658.054
7.829 2658.054
7.829 2658.054
7.829 2658.054
7.829 2658.054
7.829 2658.054
7.829 2658.054
7.829 2658.054
7.829 7518.105
17.616 2648.268
17.616 2648.268
17.616 2648.268
17.616 2648.268
17.616 2648.268
17.616 2648.268
17.616 2648.268
17.616 2648.268
17.616 2648.268
17.616 2648.268
17.616 2648.268
17.616 2648.268
17.616 2648.268
17.616 7512.233
22.509 2643.374
22.509 2643.374
22.509 2643.374
22.509 2643.374
22.509 2643.374
22.509 2643.374
22.509 2643.374
22.509 2643.374
22.509 2643.374
22.509 2643.374
22.509 2643.374
22.509 2643.374
22.509 7498.532
22.509 2643.374
22.509 2643.374
22.509 2643.374
22.509 2643.374
22.509 2643.374
22.509 2643.374
22.509 2643.374
22.509 2643.374
22.509 2643.374
22.509 2643.374
22.509 2643.374
22.509 2643.374
22.509 2643.374
22.509 7497.553
22.509 2643.374
22.509 2643.374
22.509 2643.374
22.509 2643.374
22.509 2643.374
22.509 2643.374
22.509 2643.374
22.509 2643.374
22.509 2643.374
22.509 2643.374
22.509 2643.374
22.509 2643.374
22.509 7498.532
22.509 2643.374
22.509 2643.374
22.509 2643.374
22.509 2643.374
22.509 2643.374
22.509 2643.374
22.509 2643.374
22.509 2643.374
22.509 2643.374
22.509 2643.374
22.509 2643.374
22.509 2643.374
22.509 2643.374
22.509 9107.457
22.509 2643.374
22.509 2643.374
22.509 2643.374
22.509 2643.374
22.509 2643.374
22.509 2643.374
22.509 2643.374
22.509 2643.374
22.509 2643.374
22.509 2643.374
22.509 2643.374
22.509 2643.374
22.509 7489.724
22.509 2643.374
22.509 2643.374
22.509 2643.374
22.509 2643.374
22.509 2643.374
22.509 2643.374
22.509 2643.374
22.509 2643.374
22.509 2643.374
22.509 2643.374
22.509 2643.374
22.509 2643.374
22.509 2643.374
22.509 7492.660
22.509 2643.374
22.509 2643.374
22.509 2643.374
22.509 2643.374
22.509 2643.374
22.509 2643.374
22.509 2643.374
22.509 2643.374
22.509 2643.374
22.509 2643.374
22.509 2643.374
22.509 2643.374
22.509 7478.959
22.509 2643.374
22.509 2643.374
22.509 2643.374
22.509 2643.374
22.509 2643.374
22.509 2643.374
22.509 2643.374
22.509 2643.374
22.509 2643.374
22.509 2643.374
22.509 2643.374
22.509 2643.374
22.509 2643.374
22.509 7488.745
22.509 2643.374
22.509 2643.374
22.509 2643.374
22.509 2643.374
22.509 2643.374
22.509 2643.374
22.509 2643.374
22.509 2643.374
22.509 2643.374
22.509 2643.374
22.509 2643.374
22.509 2643.374
22.509 7489.724
22.509 2643.374
22.509 2643.374
22.509 2643.374
22.509 2643.374
22.509 2643.374
22.509 2643.374
22.509 2643.374
22.509 2643.374
22.509 2643.374
22.509 2643.374
22.509 2643.374
22.509 2643.374
22.509 2643.374
22.509 7488.745
22.509 2643.374
22.509 2643.374
22.509 2643.374
22.509 2643.374
22.509 2643.374
22.509 2643.374
22.509 2643.374
22.509 2643.374
22.509 2643.374
22.509 2643.374
22.509 2643.374
22.509 2643.374
22.509 7478.959
22.509 2643.374
22.509 2643.374
22.509 2643.374
22.509 2643.374
22.509 2643.374
22.509 2643.374
22.509 2643.374
22.509 2643.374
22.509 2643.374
22.509 2643.374
22.509 2643.374
22.509 2643.374
22.509 2643.374
22.509 7488.745
22.509 2643.374
22.509 2643.374
22.509 2643.374
22.509 2643.374
22.509 2643.374
22.509 2643.374
22.509 2643.374
22.509 2643.374
22.509 2643.374
22.509 2643.374
22.509 2643.374
22.509 2643.374
22.509 7489.724
22.509 2643.374
22.509 2643.374
22.509 2643.374
22.509 2643.374
22.509 2643.374
22.509 2643.374
22.509 2643.374
22.509 2643.374
22.509 2643.374
22.509 2643.374
22.509 2643.374
22.509 2643.374
22.509 2643.374
22.509 7488.745
22.509 2643.374
22.509 2643.374
22.509 2643.374
22.509 2643.374
22.509 2643.374
22.509 2643.374
22.509 2643.374
22.509 2643.374
22.509 2643.374
22.509 2643.374
22.509 2643.374
22.509 2643.374
22.509 7489.724
22.509 2643.374
22.509 2643.374
22.509 2643.374
22.509 2643.374
22.509 2643.374
22.509 2643.374
22.509 2643.374
22.509 2643.374
22.509 2643.374
22.509 2643.374
22.509 2643.374
22.509 2643.374
22.509 2643.374
22.509 6326.091
7.829 1327.070
7.829 1327.070
7.829 1327.070
7.829 1327.070
7.829 1327.070
7.829 1327.070
7.829 1327.070
7.829 1327.070
7.829 1327.070
7.829 1327.070
7.829 1327.070
7.829 1327.070
7.829 1327.070
7.829 1327.070
7.829 1327.070
7.829 1327.070
7.829 1327.070
7.829 1327.070
7.829 1327.070
7.829 1327.070
7.829 1327.070
7.829 1327.070
7.829 1327.070
7.829 1327.070
7.829 1327.070
7.829 6178.313
17.616 1317.283
17.616 1317.283
17.616 1317.283
17.616 1317.283
17.616 1317.283
17.616 1317.283
17.616 1317.283
17.616 1317.283
17.616 1317.283
17.616 1317.283
17.616 1317.283
17.616 1317.283
17.616 1317.283
17.616 1317.283
17.616 1317.283
17.616 1317.283
17.616 1317.283
17.616 1317.283
17.616 1317.283
17.616 1317.283
17.616 1317.283
17.616 1317.283
17.616 1317.283
17.616 1317.283
17.616 1317.283
17.616 1317.283
17.616 6172.441
22.509 1312.390
22.509 1312.390
22.509 1312.390
22.509 1312.390
22.509 1312.390
22.509 1312.390
22.509 1312.390
22.509 1312.390
22.509 1312.390
22.509 1312.390
22.509 1312.390
22.509 1312.390
22.509 1312.390
22.509 1312.390
22.509 1312.390
22.509 1312.390
22.509 1312.390
22.509 1312.390
22.509 1312.390
22.509 1312.390
22.509 1312.390
22.509 1312.390
22.509 1312.390
22.509 1312.390
22.509 1312.390
22.509 6159.718
22.509 1312.390
22.509 1312.390
22.509 1312.390
22.509 1312.390
22.509 1312.390
22.509 1312.390
22.509 1312.390
22.509 1312.390
22.509 1312.390
22.509 1312.390
22.509 1312.390
22.509 1312.390
22.509 1312.390
22.509 1312.390
22.509 1312.390
22.509 1312.390
22.509 1312.390
22.509 1312.390
22.509 1312.390
22.509 1312.390
22.509 1312.390
22.509 1312.390
22.509 1312.390
22.509 1312.390
22.509 1312.390
22.509 1312.390
22.509 6157.761
22.509 1312.390
22.509 1312.390
22.509 1312.390
22.509 1312.390
22.509 1312.390
22.509 1312.390
22.509 1312.390
22.509 1312.390
22.509 1312.390
22.509 1312.390
22.509 1312.390
22.509 1312.390
22.509 1312.390
22.509 1312.390
22.509 1312.390
22.509 1312.390
22.509 1312.390
22.509 1312.390
22.509 1312.390
22.509 1312.390
22.509 1312.390
22.509 1312.390
22.509 1312.390
22.509 1312.390
22.509 1312.390
22.509 6158.739
22.509 1312.390
22.509 1312.390
22.509 1312.390
22.509 1312.390
22.509 1312.390
22.509 1312.390
22.509 1312.390
22.509 1312.390
22.509 1312.390
22.509 1312.390
22.509 1312.390
22.509 1312.390
22.509 1312.390
22.509 1312.390
22.509 1312.390
22.509 1312.390
22.509 1312.390
22.509 1312.390
22.509 1312.390
22.509 1312.390
22.509 1312.390
22.509 1312.390
22.509 1312.390
22.509 1312.390
22.509 1312.390
22.509 1312.390
22.509 7873.361
22.509 1312.390
22.509 1312.390
22.509 1312.390
22.509 1312.390
22.509 1312.390
22.509 1312.390
22.509 1312.390
22.509 1312.390
22.509 1312.390
22.509 1312.390
22.509 1312.390
22.509 1312.390
22.509 1312.390
22.509 1312.390
22.509 1312.390
22.509 1312.390
22.509 1312.390
22.509 1312.390
22.509 1312.390
22.509 1312.390
22.509 1312.390
22.509 1312.390
22.509 1312.390
22.509 1312.390
22.509 1312.390
22.509 6167.547
22.509 1312.390
22.509 1312.390
22.509 1312.390
22.509 1312.390
22.509 1312.390
22.509 1312.390
22.509 1312.390
22.509 1312.390
22.509 1312.390
22.509 1312.390
22.509 1312.390
22.509 1312.390
22.509 1312.390
22.509 1312.390
22.509 1312.390
22.509 1312.390
22.509 1312.390
22.509 1312.390
22.509 1312.390
22.509 1312.390
22.509 1312.390
22.509 1312.390
22.509 1312.390
22.509 1312.390
22.509 1312.390
22.509 1312.390
22.509 6155.803
22.509 1312.390
22.509 1312.390
22.509 1312.390
22.509 1312.390
22.509 1312.390
22.509 1312.390
22.509 1312.390
22.509 1312.390
22.509 1312.390
22.509 1312.390
22.509 1312.390
22.509 1312.390
22.509 1312.390
22.509 1312.390
22.509 1312.390
22.509 1312.390
22.509 1312.390
22.509 1312.390
22.509 1312.390
22.509 1312.390
22.509 1312.390
22.509 1312.390
22.509 1312.390
22.509 1312.390
22.509 1312.390
22.509 6171.462
22.509 1312.390
22.509 1312.390
22.509 1312.390
22.509 1312.390
22.509 1312.390
22.509 1312.390
22.509 1312.390
22.509 1312.390
22.509 1312.390
22.509 1312.390
22.509 1312.390
22.509 1312.390
22.509 1312.390
22.509 1312.390
22.509 1312.390
22.509 1312.390
22.509 1312.390
22.509 1312.390
22.509 1312.390
22.509 1312.390
22.509 1312.390
22.509 1312.390
22.509 1312.390
22.509 1312.390
22.509 1312.390
22.509 1312.390
22.509 7878.254
22.509 1312.390
22.509 1312.390
22.509 1312.390
22.509 1312.390
22.509 1312.390
22.509 1312.390
22.509 1312.390
22.509 1312.390
22.509 1312.390
22.509 1312.390
22.509 1312.390
22.509 1312.390
22.509 1312.390
22.509 1312.390
22.509 1312.390
22.509 1312.390
22.509 1312.390
22.509 1312.390
22.509 1312.390
22.509 1312.390
22.509 1312.390
22.509 1312.390
22.509 1312.390
22.509 1312.390
22.509 1312.390
22.509 6176.355
22.509 1312.390
22.509 1312.390
22.509 1312.390
22.509 1312.390
22.509 1312.390
22.509 1312.390
22.509 1312.390
22.509 1312.390
22.509 1312.390
22.509 1312.390
22.509 1312.390
22.509 1312.390
22.509 1312.390
22.509 1312.390
22.509 1312.390
22.509 1312.390
22.509 1312.390
22.509 1312.390
22.509 1312.390
22.509 1312.390
22.509 1312.390
22.509 1312.390
22.509 1312.390
22.509 1312.390
22.509 1312.390
22.509 1312.390
22.509 6175.377
22.509 1312.390
22.509 1312.390
22.509 1312.390
22.509 1312.390
22.509 1312.390
22.509 1312.390
22.509 1312.390
22.509 1312.390
22.509 1312.390
22.509 1312.390
22.509 1312.390
22.509 1312.390
22.509 1312.390
22.509 1312.390
22.509 1312.390
22.509 1312.390
22.509 1312.390
22.509 1312.390
22.509 1312.390
22.509 1312.390
22.509 1312.390
22.509 1312.390
22.509 1312.390
22.509 1312.390
22.509 1312.390
22.509 7786.260
22.509 1312.390
22.509 1312.390
22.509 1312.390
22.509 1312.390
22.509 1312.390
22.509 1312.390
22.509 1312.390
22.509 1312.390
22.509 1312.390
22.509 1312.390
22.509 1312.390
22.509 1312.390
22.509 1312.390
22.509 1312.390
22.509 1312.390
22.509 1312.390
22.509 1312.390
22.509 1312.390
22.509 1312.390
22.509 1312.390
22.509 1312.390
22.509 1312.390
22.509 1312.390
22.509 1312.390
22.509 1312.390
22.509 1312.390
22.509 6166.569
22.509 1312.390
22.509 1312.390
22.509 1312.390
22.509 1312.390
22.509 1312.390
22.509 1312.390
22.509 1312.390
22.509 1312.390
22.509 1312.390
22.509 1312.390
22.509 1312.390
22.509 1312.390
22.509 1312.390
22.509 1312.390
22.509 1312.390
22.509 1312.390
22.509 1312.390
22.509 1312.390
22.509 1312.390
22.509 1312.390
22.509 1312.390
22.509 1312.390
22.509 1312.390
22.509 1312.390
22.509 1312.390
22.509 6167.547
22.509 1312.390
22.509 1312.390
22.509 1312.390
22.509 1312.390
22.509 1312.390
22.509 1312.390
22.509 1312.390
22.509 1312.390
22.509 1312.390
22.509 1312.390
22.509 1312.390
22.509 1312.390
22.509 1312.390
22.509 1312.390
22.509 1312.390
22.509 1312.390
22.509 1312.390
22.509 1312.390
22.509 1312.390
22.509 1312.390
22.509 1312.390
22.509 1312.390
22.509 1312.390
22.509 1312.390
22.509 1312.390
22.509 1312.390
22.509 6170.483
22.509 1312.390
22.509 1312.390
22.509 1312.390
22.509 1312.390
22.509 1312.390
22.509 1312.390
22.509 1312.390
22.509 1312.390
22.509 1312.390
22.509 1312.390
22.509 1312.390
22.509 1312.390
22.509 1312.390
22.509 1312.390
22.509 1312.390
22.509 1312.390
22.509 1312.390
22.509 1312.390
22.509 1312.390
22.509 1312.390
22.509 1312.390
22.509 1312.390
22.509 1312.390
22.509 1312.390
22.509 1312.390
22.509 6167.547
22.509 1312.390
22.509 1312.390
22.509 1312.390
22.509 1312.390
22.509 1312.390
22.509 1312.390
22.509 1312.390
22.509 1312.390
22.509 1312.390
22.509 1312.390
22.509 1312.390
22.509 1312.390
22.509 1312.390
22.509 1312.390
22.509 1312.390
22.509 1312.390
22.509 1312.390
22.509 1312.390
22.509 1312.390
22.509 1312.390
22.509 1312.390
22.509 1312.390
22.509 1312.390
22.509 1312.390
22.509 1312.390
22.509 1312.390
22.509 9488.158
22.509 1312.390
22.509 1312.390
22.509 1312.390
22.509 1312.390
22.509 1312.390
22.509 1312.390
22.509 1312.390
22.509 1312.390
22.509 1312.390
22.509 1312.390
22.509 1312.390
22.509 1312.390
22.509 1312.390
22.509 1312.390
22.509 1312.390
22.509 1312.390
22.509 1312.390
22.509 1312.390
22.509 1312.390
22.509 1312.390
22.509 1312.390
22.509 1312.390
22.509 1312.390
22.509 1312.390
22.509 1312.390
22.509 6167.547
22.509 1312.390
22.509 1312.390
22.509 1312.390
22.509 1312.390
22.509 1312.390
22.509 1312.390
22.509 1312.390
22.509 1312.390
22.509 1312.390
22.509 1312.390
22.509 1312.390
22.509 1312.390
22.509 1312.390
22.509 1312.390
22.509 1312.390
22.509 1312.390
22.509 1312.390
22.509 1312.390
22.509 1312.390
22.509 1312.390
22.509 1312.390
22.509 1312.390
22.509 1312.390
22.509 1312.390
22.509 1312.390
22.509 1312.390
22.509 6166.569
22.509 1312.390
22.509 1312.390
22.509 1312.390
22.509 1312.390
22.509 1312.390
22.509 1312.390
22.509 1312.390
22.509 1312.390
22.509 1312.390
22.509 1312.390
22.509 1312.390
22.509 1312.390
22.509 1312.390
22.509 1312.390
22.509 1312.390
22.509 1312.390
22.509 1312.390
22.509 1312.390
22.509 1312.390
22.509 1312.390
22.509 1312.390
22.509 1312.390
22.509 1312.390
22.509 1312.390
22.509 1312.390
22.509 6167.547
22.509 1312.390
22.509 1312.390
22.509 1312.390
22.509 1312.390
22.509 1312.390
22.509 1312.390
22.509 1312.390
22.509 1312.390
22.509 1312.390
22.509 1312.390
22.509 1312.390
22.509 1312.390
22.509 1312.390
22.509 1312.390
22.509 1312.390
22.509 1312.390
22.509 1312.390
22.509 1312.390
22.509 1312.390
22.509 1312.390
22.509 1312.390
22.509 1312.390
22.509 1312.390
22.509 1312.390
22.509 1312.390
22.509 1312.390
22.509 6155.803
22.509 1312.390
22.509 1312.390
22.509 1312.390
22.509 1312.390
22.509 1312.390
22.509 1312.390
22.509 1312.390
22.509 1312.390
22.509 1312.390
22.509 1312.390
22.509 1312.390
22.509 1312.390
22.509 1312.390
22.509 1312.390
22.509 1312.390
22.509 1312.390
22.509 1312.390
22.509 1312.390
22.509 1312.390
22.509 1312.390
22.509 1312.390
22.509 1312.390
22.509 1312.390
22.509 1312.390
22.509 1312.390
22.509 7777.452
22.509 1312.390
22.509 1312.390
22.509 1312.390
22.509 1312.390
22.509 1312.390
22.509 1312.390
22.509 1312.390
22.509 1312.390
22.509 1312.390
22.509 1312.390
22.509 1312.390
22.509 1312.390
22.509 1312.390
22.509 1312.390
22.509 1312.390
22.509 1312.390
22.509 1312.390
22.509 1312.390
22.509 1312.390
22.509 1312.390
22.509 1312.390
22.509 1312.390
22.509 1312.390
22.509 1312.390
22.509 1312.390
22.509 1312.390
22.509 6157.761
22.509 1312.390
22.509 1312.390
22.509 1312.390
22.509 1312.390
22.509 1312.390
22.509 1312.390
22.509 1312.390
22.509 1312.390
22.509 1312.390
22.509 1312.390
22.509 1312.390
22.509 1312.390
22.509 1312.390
22.509 1312.390
22.509 1312.390
22.509 1312.390
22.509 1312.390
22.509 1312.390
22.509 1312.390
22.509 1312.390
22.509 1312.390
22.509 1312.390
22.509 1312.390
22.509 1312.390
22.509 1312.390
22.509 6158.739
22.509 1312.390
22.509 1312.390
22.509 1312.390
22.509 1312.390
22.509 1312.390
22.509 1312.390
22.509 1312.390
22.509 1312.390
22.509 1312.390
22.509 1312.390
22.509 1312.390
22.509 1312.390
22.509 1312.390
22.509 1312.390
22.509 1312.390
22.509 1312.390
22.509 1312.390
22.509 1312.390
22.509 1312.390
22.509 1312.390
22.509 1312.390
22.509 1312.390
22.509 1312.390
22.509 1312.390
22.509 1312.390
22.509 1312.390
22.509 6161.675
22.509 1312.390
22.509 1312.390
22.509 1312.390
22.509 1312.390
22.509 1312.390
22.509 1312.390
22.509 1312.390
22.509 1312.390
22.509 1312.390
22.509 1312.390
22.509 1312.390
22.509 1312.390
22.509 1312.390
22.509 1312.390
22.509 1312.390
22.509 1312.390
22.509 1312.390
22.509 1312.390
22.509 1312.390
22.509 1312.390
22.509 1312.390
22.509 1312.390
22.509 1312.390
22.509 1312.390
22.509 1312.390
22.509 6158.739
22.509 1312.390
22.509 1312.390
22.509 1312.390
22.509 1312.390
22.509 1312.390
22.509 1312.390
22.509 1312.390
22.509 1312.390
22.509 1312.390
22.509 1312.390
22.509 1312.390
22.509 1312.390
22.509 1312.390
22.509 1312.390
22.509 1312.390
22.509 1312.390
22.509 1312.390
22.509 1312.390
22.509 1312.390
22.509 1312.390
22.509 1312.390
22.509 1312.390
22.509 1312.390
22.509 1312.390
22.509 1312.390
22.509 1312.390
22.509 6157.761
22.509 1312.390
22.509 1312.390
22.509 1312.390
22.509 1312.390
22.509 1312.390
22.509 1312.390
22.509 1312.390
22.509 1312.390
22.509 1312.390
22.509 1312.390
22.509 1312.390
22.509 1312.390
22.509 1312.390
22.509 1312.390
22.509 1312.390
22.509 1312.390
22.509 1312.390
22.509 1312.390
22.509 1312.390
22.509 1312.390
22.509 1312.390
22.509 1312.390
22.509 1312.390
22.509 1312.390
22.509 1312.390
22.509 6162.654
22.509 1312.390
22.509 1312.390
22.509 1312.390
22.509 1312.390
22.509 1312.390
22.509 1312.390
22.509 1312.390
22.509 1312.390
22.509 1312.390
22.509 1312.390
22.509 1312.390
22.509 1312.390
22.509 1312.390
22.509 1312.390
22.509 1312.390
22.509 1312.390
22.509 1312.390
22.509 1312.390
22.509 1312.390
22.509 1312.390
22.509 1312.390
22.509 1312.390
22.509 1312.390
22.509 1312.390
22.509 1312.390
22.509 1312.390
22.509 6157.761
22.509 1312.390
22.509 1312.390
22.509 1312.390
22.509 1312.390
22.509 1312.390
22.509 1312.390
22.509 1312.390
22.509 1312.390
22.509 1312.390
22.509 1312.390
22.509 1312.390
22.509 1312.390
22.509 1312.390
22.509 1312.390
22.509 1312.390
22.509 1312.390
22.509 1312.390
22.509 1312.390
22.509 1312.390
22.509 1312.390
22.509 1312.390
22.509 1312.390
22.509 1312.390
22.509 1312.390
22.509 1312.390
22.509 6158.739
22.509 1312.390
22.509 1312.390
22.509 1312.390
22.509 1312.390
22.509 1312.390
22.509 1312.390
22.509 1312.390
22.509 1312.390
22.509 1312.390
22.509 1312.390
22.509 1312.390
22.509 1312.390
22.509 1312.390
22.509 1312.390
22.509 1312.390
22.509 1312.390
22.509 1312.390
22.509 1312.390
22.509 1312.390
22.509 1312.390
22.509 1312.390
22.509 1312.390
22.509 1312.390
22.509 1312.390
22.509 1312.390
22.509 1312.390
22.509 6157.761
22.509 1312.390
22.509 1312.390
22.509 1312.390
22.509 1312.390
22.509 1312.390
22.509 1312.390
22.509 1312.390
22.509 1312.390
22.509 1312.390
22.509 1312.390
22.509 1312.390
22.509 1312.390
22.509 1312.390
22.509 1312.390
22.509 1312.390
22.509 1312.390
22.509 1312.390
22.509 1312.390
22.509 1312.390
22.509 1312.390
22.509 1312.390
22.509 1312.390
22.509 1312.390
22.509 1312.390
22.509 1312.390
22.509 6158.739
22.509 1312.390
22.509 1312.390
22.509 1312.390
22.509 1312.390
22.509 1312.390
22.509 1312.390
22.509 1312.390
22.509 1312.390
22.509 1312.390
22.509 1312.390
22.509 1312.390
22.509 1312.390
22.509 1312.390
22.509 1312.390
22.509 1312.390
22.509 1312.390
22.509 1312.390
22.509 1312.390
22.509 1312.390
22.509 1312.390
22.509 1312.390
22.509 1312.390
22.509 1312.390
22.509 1312.390
22.509 1312.390
22.509 1312.390
22.509 6157.761
22.509 1312.390
22.509 1312.390
22.509 1312.390
22.509 1312.390
22.509 1312.390
22.509 1312.390
22.509 1312.390
22.509 1312.390
22.509 1312.390
22.509 1312.390
22.509 1312.390
22.509 1312.390
22.509 1312.390
22.509 1312.390
22.509 1312.390
22.509 1312.390
22.509 1312.390
22.509 1312.390
22.509 1312.390
22.509 1312.390
22.509 1312.390
22.509 1312.390
22.509 1312.390
22.509 1312.390
22.509 1312.390
22.509 6158.739
22.509 1312.390
22.509 1312.390
22.509 1312.390
22.509 1312.390
22.509 1312.390
22.509 1312.390
22.509 1312.390
22.509 1312.390
22.509 1312.390
22.509 1312.390
22.509 1312.390
22.509 1312.390
22.509 1312.390
22.509 1312.390
22.509 1312.390
22.509 1312.390
22.509 1312.390
22.509 1312.390
22.509 1312.390
22.509 1312.390
22.509 1312.390
22.509 1312.390
22.509 1312.390
22.509 1312.390
22.509 1312.390
22.509 1312.390
22.509 6158.739
22.509 1312.390
22.509 1312.390
22.509 1312.390
22.509 1312.390
22.509 1312.390
22.509 1312.390
22.509 1312.390
22.509 1312.390
22.509 1312.390
22.509 1312.390
22.509 1312.390
22.509 1312.390
22.509 1312.390
22.509 1312.390
22.509 1312.390
22.509 1312.390
22.509 1312.390
22.509 1312.390
22.509 1312.390
22.509 1312.390
22.509 1312.390
22.509 1312.390
22.509 1312.390
22.509 1312.390
22.509 1312.390
22.509 6158.739
22.509 1312.390
22.509 1312.390
22.509 1312.390
22.509 1312.390
22.509 1312.390
22.509 1312.390
22.509 1312.390
22.509 1312.390
22.509 1312.390
22.509 1312.390
22.509 1312.390
22.509 1312.390
22.509 1312.390
22.509 1312.390
22.509 1312.390
22.509 1312.390
22.509 1312.390
22.509 1312.390
22.509 1312.390
22.509 1312.390
22.509 1312.390
22.509 1312.390
22.509 1312.390
22.509 1312.390
22.509 1312.390
22.509 1312.390
22.509 6157.761
22.509 1312.390
22.509 1312.390
22.509 1312.390
22.509 1312.390
22.509 1312.390
22.509 1312.390
22.509 1312.390
22.509 1312.390
22.509 1312.390
22.509 1312.390
22.509 1312.390
22.509 1312.390
22.509 1312.390
22.509 1312.390
22.509 1312.390
22.509 1312.390
22.509 1312.390
22.509 1312.390
22.509 1312.390
22.509 1312.390
22.509 1312.390
22.509 1312.390
22.509 1312.390
22.509 1312.390
22.509 1312.390
22.509 6159.718
22.509 1312.390
22.509 1312.390
22.509 1312.390
22.509 1312.390
22.509 1312.390
22.509 1312.390
22.509 1312.390
22.509 1312.390
22.509 1312.390
22.509 1312.390
22.509 1312.390
22.509 1312.390
22.509 1312.390
22.509 1312.390
22.509 1312.390
22.509 1312.390
22.509 1312.390
22.509 1312.390
22.509 1312.390
22.509 1312.390
22.509 1312.390
22.509 1312.390
22.509 1312.390
22.509 1312.390
22.509 1312.390
22.509 1312.390
22.509 6157.761
22.509 1312.390
22.509 1312.390
22.509 1312.390
22.509 1312.390
22.509 1312.390
22.509 1312.390
22.509 1312.390
22.509 1312.390
22.509 1312.390
22.509 1312.390
22.509 1312.390
22.509 1312.390
22.509 1312.390
22.509 1312.390
22.509 1312.390
22.509 1312.390
22.509 1312.390
22.509 1312.390
22.509 1312.390
22.509 1312.390
22.509 1312.390
22.509 1312.390
22.509 1312.390
22.509 1312.390
22.509 1312.390
22.509 6158.739
22.509 1312.390
22.509 1312.390
22.509 1312.390
22.509 1312.390
22.509 1312.390
22.509 1312.390
22.509 1312.390
22.509 1312.390
22.509 1312.390
22.509 1312.390
22.509 1312.390
22.509 1312.390
22.509 1312.390
22.509 1312.390
22.509 1312.390
22.509 1312.390
22.509 1312.390
22.509 1312.390
22.509 1312.390
22.509 1312.390
22.509 1312.390
22.509 1312.390
22.509 1312.390
22.509 1312.390
22.509 1312.390
22.509 1312.390
22.509 6161.675
22.509 1312.390
22.509 1312.390
22.509 1312.390
22.509 1312.390
22.509 1312.390
22.509 1312.390
22.509 1312.390
22.509 1312.390
22.509 1312.390
22.509 1312.390
22.509 1312.390
22.509 1312.390
22.509 1312.390
22.509 1312.390
22.509 1312.390
22.509 1312.390
22.509 1312.390
22.509 1312.390
22.509 1312.390
22.509 1312.390
22.509 1312.390
22.509 1312.390
22.509 1312.390
22.509 1312.390
22.509 1312.390
22.509 6158.739
22.509 1312.390
22.509 1312.390
22.509 1312.390
22.509 1312.390
22.509 1312.390
22.509 1312.390
22.509 1312.390
22.509 1312.390
22.509 1312.390
22.509 1312.390
22.509 1312.390
22.509 1312.390
22.509 1312.390
22.509 1312.390
22.509 1312.390
22.509 1312.390
22.509 1312.390
22.509 1312.390
22.509 1312.390
22.509 1312.390
22.509 1312.390
22.509 1312.390
22.509 1312.390
22.509 1312.390
22.509 1312.390
22.509 1312.390
22.509 6157.761
22.509 1312.390
22.509 1312.390
22.509 1312.390
22.509 1312.390
22.509 1312.390
22.509 1312.390
22.509 1312.390
22.509 1312.390
22.509 1312.390
22.509 1312.390
22.509 1312.390
22.509 1312.390
22.509 1312.390
22.509 1312.390
22.509 1312.390
22.509 1312.390
22.509 1312.390
22.509 1312.390
22.509 1312.390
22.509 1312.390
22.509 1312.390
22.509 1312.390
22.509 1312.390
22.509 1312.390
22.509 1312.390
22.509 6924.056
7.829 1248.777
7.829 1248.777
7.829 1248.777
7.829 1248.777
7.829 1248.777
7.829 1248.777
7.829 1248.777
7.829 1248.777
7.829 1248.777
7.829 1248.777
7.829 1248.777
7.829 1248.777
7.829 1248.777
7.829 1248.777
7.829 1248.777
7.829 1248.777
7.829 1248.777
7.829 1248.777
7.829 1248.777
7.829 1248.777
7.829 1248.777
7.829 1248.777
7.829 1248.777
7.829 1248.777
7.829 1248.777
7.829 1248.777
7.829 1248.777
7.829 6099.041
17.616 1238.990
17.616 1238.990
17.616 1238.990
17.616 1238.990
17.616 1238.990
17.616 1238.990
17.616 1238.990
17.616 1238.990
17.616 1238.990
17.616 1238.990
17.616 1238.990
17.616 1238.990
17.616 1238.990
17.616 1238.990
17.616 1238.990
17.616 1238.990
17.616 1238.990
17.616 1238.990
17.616 1238.990
17.616 1238.990
17.616 1238.990
17.616 1238.990
17.616 1238.990
17.616 1238.990
17.616 1238.990
17.616 1238.990
17.616 1238.990
17.616 1238.990
17.616 6095.126
22.509 1234.097
22.509 1234.097
22.509 1234.097
22.509 1234.097
22.509 1234.097
22.509 1234.097
22.509 1234.097
22.509 1234.097
22.509 1234.097
22.509 1234.097
22.509 1234.097
22.509 1234.097
22.509 1234.097
22.509 1234.097
22.509 1234.097
22.509 1234.097
22.509 1234.097
22.509 1234.097
22.509 1234.097
22.509 1234.097
22.509 1234.097
22.509 1234.097
22.509 1234.097
22.509 1234.097
22.509 1234.097
22.509 1234.097
22.509 1234.097
22.509 6079.468
22.509 1234.097
22.509 1234.097
22.509 1234.097
22.509 1234.097
22.509 1234.097
22.509 1234.097
22.509 1234.097
22.509 1234.097
22.509 1234.097
22.509 1234.097
22.509 1234.097
22.509 1234.097
22.509 1234.097
22.509 1234.097
22.509 1234.097
22.509 1234.097
22.509 1234.097
22.509 1234.097
22.509 1234.097
22.509 1234.097
22.509 1234.097
22.509 1234.097
22.509 1234.097
22.509 1234.097
22.509 1234.097
22.509 1234.097
22.509 1234.097
22.509 1234.097
22.509 6080.446
22.509 1234.097
22.509 1234.097
22.509 1234.097
22.509 1234.097
22.509 1234.097
22.509 1234.097
22.509 1234.097
22.509 1234.097
22.509 1234.097
22.509 1234.097
22.509 1234.097
22.509 1234.097
22.509 1234.097
22.509 1234.097
22.509 1234.097
22.509 1234.097
22.509 1234.097
22.509 1234.097
22.509 1234.097
22.509 1234.097
22.509 1234.097
22.509 1234.097
22.509 1234.097
22.509 1234.097
22.509 1234.097
22.509 1234.097
22.509 1234.097
22.509 6079.468
22.509 1234.097
22.509 1234.097
22.509 1234.097
22.509 1234.097
22.509 1234.097
22.509 1234.097
22.509 1234.097
22.509 1234.097
22.509 1234.097
22.509 1234.097
22.509 1234.097
22.509 1234.097
22.509 1234.097
22.509 1234.097
22.509 1234.097
22.509 1234.097
22.509 1234.097
22.509 1234.097
22.509 1234.097
22.509 1234.097
22.509 1234.097
22.509 1234.097
22.509 1234.097
22.509 1234.097
22.509 1234.097
22.509 1234.097
22.509 1234.097
22.509 1234.097
22.509 6080.446
22.509 1234.097
22.509 1234.097
22.509 1234.097
22.509 1234.097
22.509 1234.097
22.509 1234.097
22.509 1234.097
22.509 1234.097
22.509 1234.097
22.509 1234.097
22.509 1234.097
22.509 1234.097
22.509 1234.097
22.509 1234.097
22.509 1234.097
22.509 1234.097
22.509 1234.097
22.509 1234.097
22.509 1234.097
22.509 1234.097
22.509 1234.097
22.509 1234.097
22.509 1234.097
22.509 1234.097
22.509 1234.097
22.509 1234.097
22.509 1234.097
22.509 6684.283
7.829 1053.044
7.829 1053.044
7.829 1053.044
7.829 1053.044
7.829 1053.044
7.829 1053.044
7.829 1053.044
7.829 1053.044
7.829 1053.044
7.829 1053.044
7.829 1053.044
7.829 1053.044
7.829 1053.044
7.829 1053.044
7.829 1053.044
7.829 1053.044
7.829 1053.044
7.829 1053.044
7.829 1053.044
7.829 1053.044
7.829 1053.044
7.829 1053.044
7.829 1053.044
7.829 1053.044
7.829 1053.044
7.829 1053.044
7.829 1053.044
7.829 1053.044
7.829 1053.044
7.829 1053.044
7.829 1053.044
7.829 1053.044
7.829 5904.287
17.616 1043.257
17.616 1043.257
17.616 1043.257
17.616 1043.257
17.616 1043.257
17.616 1043.257
17.616 1043.257
17.616 1043.257
17.616 1043.257
17.616 1043.257
17.616 1043.257
17.616 1043.257
17.616 1043.257
17.616 1043.257
17.616 1043.257
17.616 1043.257
17.616 1043.257
17.616 1043.257
17.616 1043.257
17.616 1043.257
17.616 1043.257
17.616 1043.257
17.616 1043.257
17.616 1043.257
17.616 1043.257
17.616 1043.257
17.616 1043.257
17.616 1043.257
17.616 1043.257
17.616 1043.257
17.616 1043.257
17.616 1043.257
17.616 1043.257
17.616 5898.415
22.509 1038.364
22.509 1038.364
22.509 1038.364
22.509 1038.364
22.509 1038.364
22.509 1038.364
22.509 1038.364
22.509 1038.364
22.509 1038.364
22.509 1038.364
22.509 1038.364
22.509 1038.364
22.509 1038.364
22.509 1038.364
22.509 1038.364
22.509 1038.364
22.509 1038.364
22.509 1038.364
22.509 1038.364
22.509 1038.364
22.509 1038.364
22.509 1038.364
22.509 1038.364
22.509 1038.364
22.509 1038.364
22.509 1038.364
22.509 1038.364
22.509 1038.364
22.509 1038.364
22.509 1038.364
22.509 1038.364
22.509 1038.364
22.509 5884.713
22.509 1038.364
22.509 1038.364
22.509 1038.364
22.509 1038.364
22.509 1038.364
22.509 1038.364
22.509 1038.364
22.509 1038.364
22.509 1038.364
22.509 1038.364
22.509 1038.364
22.509 1038.364
22.509 1038.364
22.509 1038.364
22.509 1038.364
22.509 1038.364
22.509 1038.364
22.509 1038.364
22.509 1038.364
22.509 1038.364
22.509 1038.364
22.509 1038.364
22.509 1038.364
22.509 1038.364
22.509 1038.364
22.509 1038.364
22.509 1038.364
22.509 1038.364
22.509 1038.364
22.509 1038.364
22.509 1038.364
22.509 1038.364
22.509 1038.364
22.509 5883.735
22.509 1038.364
22.509 1038.364
22.509 1038.364
22.509 1038.364
22.509 1038.364
22.509 1038.364
22.509 1038.364
22.509 1038.364
22.509 1038.364
22.509 1038.364
22.509 1038.364
22.509 1038.364
22.509 1038.364
22.509 1038.364
22.509 1038.364
22.509 1038.364
22.509 1038.364
22.509 1038.364
22.509 1038.364
22.509 1038.364
22.509 1038.364
22.509 1038.364
22.509 1038.364
22.509 1038.364
22.509 1038.364
22.509 1038.364
22.509 1038.364
22.509 1038.364
22.509 1038.364
22.509 1038.364
22.509 1038.364
22.509 1038.364
22.509 5884.713
22.509 1038.364
22.509 1038.364
22.509 1038.364
22.509 1038.364
22.509 1038.364
22.509 1038.364
22.509 1038.364
22.509 1038.364
22.509 1038.364
22.509 1038.364
22.509 1038.364
22.509 1038.364
22.509 1038.364
22.509 1038.364
22.509 1038.364
22.509 1038.364
22.509 1038.364
22.509 1038.364
22.509 1038.364
22.509 1038.364
22.509 1038.364
22.509 1038.364
22.509 1038.364
22.509 1038.364
22.509 1038.364
22.509 1038.364
22.509 1038.364
22.509 1038.364
22.509 1038.364
22.509 1038.364
22.509 1038.364
22.509 1038.364
22.509 1038.364
22.509 5883.735
22.509 1038.364
22.509 1038.364
22.509 1038.364
22.509 1038.364
22.509 1038.364
22.509 1038.364
22.509 1038.364
22.509 1038.364
22.509 1038.364
22.509 1038.364
22.509 1038.364
22.509 1038.364
22.509 1038.364
22.509 1038.364
22.509 1038.364
22.509 1038.364
22.509 1038.364
22.509 1038.364
22.509 1038.364
22.509 1038.364
22.509 1038.364
22.509 1038.364
22.509 1038.364
22.509 1038.364
22.509 1038.364
22.509 1038.364
22.509 1038.364
22.509 1038.364
22.509 1038.364
22.509 1038.364
22.509 1038.364
22.509 1038.364
22.509 6772.362
7.829 1248.777
7.829 1248.777
7.829 1248.777
7.829 1248.777
7.829 1248.777
7.829 1248.777
7.829 1248.777
7.829 1248.777
7.829 1248.777
7.829 1248.777
7.829 1248.777
7.829 1248.777
7.829 1248.777
7.829 1248.777
7.829 1248.777
7.829 1248.777
7.829 1248.777
7.829 1248.777
7.829 1248.777
7.829 1248.777
7.829 1248.777
7.829 1248.777
7.829 1248.777
7.829 1248.777
7.829 1248.777
7.829 1248.777
7.829 1248.777
7.829 6088.276
17.616 1238.990
17.616 1238.990
17.616 1238.990
17.616 1238.990
17.616 1238.990
17.616 1238.990
17.616 1238.990
17.616 1238.990
17.616 1238.990
17.616 1238.990
17.616 1238.990
17.616 1238.990
17.616 1238.990
17.616 1238.990
17.616 1238.990
17.616 1238.990
17.616 1238.990
17.616 1238.990
17.616 1238.990
17.616 1238.990
17.616 1238.990
17.616 1238.990
17.616 1238.990
17.616 1238.990
17.616 1238.990
17.616 1238.990
17.616 1238.990
17.616 1238.990
17.616 6095.126
22.509 1234.097
22.509 1234.097
22.509 1234.097
22.509 1234.097
22.509 1234.097
22.509 1234.097
22.509 1234.097
22.509 1234.097
22.509 1234.097
22.509 1234.097
22.509 1234.097
22.509 1234.097
22.509 1234.097
22.509 1234.097
22.509 1234.097
22.509 1234.097
22.509 1234.097
22.509 1234.097
22.509 1234.097
22.509 1234.097
22.509 1234.097
22.509 1234.097
22.509 1234.097
22.509 1234.097
22.509 1234.097
22.509 1234.097
22.509 1234.097
22.509 6079.468
22.509 1234.097
22.509 1234.097
22.509 1234.097
22.509 1234.097
22.509 1234.097
22.509 1234.097
22.509 1234.097
22.509 1234.097
22.509 1234.097
22.509 1234.097
22.509 1234.097
22.509 1234.097
22.509 1234.097
22.509 1234.097
22.509 1234.097
22.509 1234.097
22.509 1234.097
22.509 1234.097
22.509 1234.097
22.509 1234.097
22.509 1234.097
22.509 1234.097
22.509 1234.097
22.509 1234.097
22.509 1234.097
22.509 1234.097
22.509 1234.097
22.509 1234.097
22.509 6080.446
22.509 1234.097
22.509 1234.097
22.509 1234.097
22.509 1234.097
22.509 1234.097
22.509 1234.097
22.509 1234.097
22.509 1234.097
22.509 1234.097
22.509 1234.097
22.509 1234.097
22.509 1234.097
22.509 1234.097
22.509 1234.097
22.509 1234.097
22.509 1234.097
22.509 1234.097
22.509 1234.097
22.509 1234.097
22.509 1234.097
22.509 1234.097
22.509 1234.097
22.509 1234.097
22.509 1234.097
22.509 1234.097
22.509 1234.097
22.509 1234.097
22.509 6079.468
22.509 1234.097
22.509 1234.097
22.509 1234.097
22.509 1234.097
22.509 1234.097
22.509 1234.097
22.509 1234.097
22.509 1234.097
22.509 1234.097
22.509 1234.097
22.509 1234.097
22.509 1234.097
22.509 1234.097
22.509 1234.097
22.509 1234.097
22.509 1234.097
22.509 1234.097
22.509 1234.097
22.509 1234.097
22.509 1234.097
22.509 1234.097
22.509 1234.097
22.509 1234.097
22.509 1234.097
22.509 1234.097
22.509 1234.097
22.509 1234.097
22.509 1234.097
22.509 6080.446
22.509 1234.097
22.509 1234.097
22.509 1234.097
22.509 1234.097
22.509 1234.097
22.509 1234.097
22.509 1234.097
22.509 1234.097
22.509 1234.097
22.509 1234.097
22.509 1234.097
22.509 1234.097
22.509 1234.097
22.509 1234.097
22.509 1234.097
22.509 1234.097
22.509 1234.097
22.509 1234.097
22.509 1234.097
22.509 1234.097
22.509 1234.097
22.509 1234.097
22.509 1234.097
22.509 1234.097
22.509 1234.097
22.509 1234.097
22.509 1234.097
22.509 6079.468
22.509 1234.097
22.509 1234.097
22.509 1234.097
22.509 1234.097
22.509 1234.097
22.509 1234.097
22.509 1234.097
22.509 1234.097
22.509 1234.097
22.509 1234.097
22.509 1234.097
22.509 1234.097
22.509 1234.097
22.509 1234.097
22.509 1234.097
22.509 1234.097
22.509 1234.097
22.509 1234.097
22.509 1234.097
22.509 1234.097
22.509 1234.097
22.509 1234.097
22.509 1234.097
22.509 1234.097
22.509 1234.097
22.509 1234.097
22.509 1234.097
22.509 1234.097
22.509 6326.091
7.829 1327.070
7.829 1327.070
7.829 1327.070
7.829 1327.070
7.829 1327.070
7.829 1327.070
7.829 1327.070
7.829 1327.070
7.829 1327.070
7.829 1327.070
7.829 1327.070
7.829 1327.070
7.829 1327.070
7.829 1327.070
7.829 1327.070
7.829 1327.070
7.829 1327.070
7.829 1327.070
7.829 1327.070
7.829 1327.070
7.829 1327.070
7.829 1327.070
7.829 1327.070
7.829 1327.070
7.829 1327.070
7.829 6177.334
17.616 1317.283
17.616 1317.283
17.616 1317.283
17.616 1317.283
17.616 1317.283
17.616 1317.283
17.616 1317.283
17.616 1317.283
17.616 1317.283
17.616 1317.283
17.616 1317.283
17.616 1317.283
17.616 1317.283
17.616 1317.283
17.616 1317.283
17.616 1317.283
17.616 1317.283
17.616 1317.283
17.616 1317.283
17.616 1317.283
17.616 1317.283
17.616 1317.283
17.616 1317.283
17.616 1317.283
17.616 1317.283
17.616 1317.283
17.616 6173.419
22.509 1312.390
22.509 1312.390
22.509 1312.390
22.509 1312.390
22.509 1312.390
22.509 1312.390
22.509 1312.390
22.509 1312.390
22.509 1312.390
22.509 1312.390
22.509 1312.390
22.509 1312.390
22.509 1312.390
22.509 1312.390
22.509 1312.390
22.509 1312.390
22.509 1312.390
22.509 1312.390
22.509 1312.390
22.509 1312.390
22.509 1312.390
22.509 1312.390
22.509 1312.390
22.509 1312.390
22.509 1312.390
22.509 6157.761
22.509 1312.390
22.509 1312.390
22.509 1312.390
22.509 1312.390
22.509 1312.390
22.509 1312.390
22.509 1312.390
22.509 1312.390
22.509 1312.390
22.509 1312.390
22.509 1312.390
22.509 1312.390
22.509 1312.390
22.509 1312.390
22.509 1312.390
22.509 1312.390
22.509 1312.390
22.509 1312.390
22.509 1312.390
22.509 1312.390
22.509 1312.390
22.509 1312.390
22.509 1312.390
22.509 1312.390
22.509 1312.390
22.509 1312.390
22.509 6158.739
22.509 1312.390
22.509 1312.390
22.509 1312.390
22.509 1312.390
22.509 1312.390
22.509 1312.390
22.509 1312.390
22.509 1312.390
22.509 1312.390
22.509 1312.390
22.509 1312.390
22.509 1312.390
22.509 1312.390
22.509 1312.390
22.509 1312.390
22.509 1312.390
22.509 1312.390
22.509 1312.390
22.509 1312.390
22.509 1312.390
22.509 1312.390
22.509 1312.390
22.509 1312.390
22.509 1312.390
22.509 1312.390
22.509 6161.675
22.509 1312.390
22.509 1312.390
22.509 1312.390
22.509 1312.390
22.509 1312.390
22.509 1312.390
22.509 1312.390
22.509 1312.390
22.509 1312.390
22.509 1312.390
22.509 1312.390
22.509 1312.390
22.509 1312.390
22.509 1312.390
22.509 1312.390
22.509 1312.390
22.509 1312.390
22.509 1312.390
22.509 1312.390
22.509 1312.390
22.509 1312.390
22.509 1312.390
22.509 1312.390
22.509 1312.390
22.509 1312.390
22.509 1312.390
22.509 6158.739
22.509 1312.390
22.509 1312.390
22.509 1312.390
22.509 1312.390
22.509 1312.390
22.509 1312.390
22.509 1312.390
22.509 1312.390
22.509 1312.390
22.509 1312.390
22.509 1312.390
22.509 1312.390
22.509 1312.390
22.509 1312.390
22.509 1312.390
22.509 1312.390
22.509 1312.390
22.509 1312.390
22.509 1312.390
22.509 1312.390
22.509 1312.390
22.509 1312.390
22.509 1312.390
22.509 1312.390
22.509 1312.390
22.509 6157.761
22.509 1312.390
22.509 1312.390
22.509 1312.390
22.509 1312.390
22.509 1312.390
22.509 1312.390
22.509 1312.390
22.509 1312.390
22.509 1312.390
22.509 1312.390
22.509 1312.390
22.509 1312.390
22.509 1312.390
22.509 1312.390
22.509 1312.390
22.509 1312.390
22.509 1312.390
22.509 1312.390
22.509 1312.390
22.509 1312.390
22.509 1312.390
22.509 1312.390
22.509 1312.390
22.509 1312.390
22.509 1312.390
22.509 1312.390
22.509 6162.654
22.509 1312.390
22.509 1312.390
22.509 1312.390
22.509 1312.390
22.509 1312.390
22.509 1312.390
22.509 1312.390
22.509 1312.390
22.509 1312.390
22.509 1312.390
22.509 1312.390
22.509 1312.390
22.509 1312.390
22.509 1312.390
22.509 1312.390
22.509 1312.390
22.509 1312.390
22.509 1312.390
22.509 1312.390
22.509 1312.390
22.509 1312.390
22.509 1312.390
22.509 1312.390
22.509 1312.390
22.509 1312.390
22.509 6157.761
22.509 1312.390
22.509 1312.390
22.509 1312.390
22.509 1312.390
22.509 1312.390
22.509 1312.390
22.509 1312.390
22.509 1312.390
22.509 1312.390
22.509 1312.390
22.509 1312.390
22.509 1312.390
22.509 1312.390
22.509 1312.390
22.509 1312.390
22.509 1312.390
22.509 1312.390
22.509 1312.390
22.509 1312.390
22.509 1312.390
22.509 1312.390
22.509 1312.390
22.509 1312.390
22.509 1312.390
22.509 1312.390
22.509 1312.390
22.509 6158.739
22.509 1312.390
22.509 1312.390
22.509 1312.390
22.509 1312.390
22.509 1312.390
22.509 1312.390
22.509 1312.390
22.509 1312.390
22.509 1312.390
22.509 1312.390
22.509 1312.390
22.509 1312.390
22.509 1312.390
22.509 1312.390
22.509 1312.390
22.509 1312.390
22.509 1312.390
22.509 1312.390
22.509 1312.390
22.509 1312.390
22.509 1312.390
22.509 1312.390
22.509 1312.390
22.509 1312.390
22.509 1312.390
22.509 6157.761
22.509 1312.390
22.509 1312.390
22.509 1312.390
22.509 1312.390
22.509 1312.390
22.509 1312.390
22.509 1312.390
22.509 1312.390
22.509 1312.390
22.509 1312.390
22.509 1312.390
22.509 1312.390
22.509 1312.390
22.509 1312.390
22.509 1312.390
22.509 1312.390
22.509 1312.390
22.509 1312.390
22.509 1312.390
22.509 1312.390
22.509 1312.390
22.509 1312.390
22.509 1312.390
22.509 1312.390
22.509 1312.390
22.509 1312.390
22.509 6158.739
22.509 1312.390
22.509 1312.390
22.509 1312.390
22.509 1312.390
22.509 1312.390
22.509 1312.390
22.509 1312.390
22.509 1312.390
22.509 1312.390
22.509 1312.390
22.509 1312.390
22.509 1312.390
22.509 1312.390
22.509 1312.390
22.509 1312.390
22.509 1312.390
22.509 1312.390
22.509 1312.390
22.509 1312.390
22.509 1312.390
22.509 1312.390
22.509 1312.390
22.509 1312.390
22.509 1312.390
22.509 1312.390
22.509 6157.761
22.509 1312.390
22.509 1312.390
22.509 1312.390
22.509 1312.390
22.509 1312.390
22.509 1312.390
22.509 1312.390
22.509 1312.390
22.509 1312.390
22.509 1312.390
22.509 1312.390
22.509 1312.390
22.509 1312.390
22.509 1312.390
22.509 1312.390
22.509 1312.390
22.509 1312.390
22.509 1312.390
22.509 1312.390
22.509 1312.390
22.509 1312.390
22.509 1312.390
22.509 1312.390
22.509 1312.390
22.509 1312.390
22.509 1312.390
22.509 6158.739
22.509 1312.390
22.509 1312.390
22.509 1312.390
22.509 1312.390
22.509 1312.390
22.509 1312.390
22.509 1312.390
22.509 1312.390
22.509 1312.390
22.509 1312.390
22.509 1312.390
22.509 1312.390
22.509 1312.390
22.509 1312.390
22.509 1312.390
22.509 1312.390
22.509 1312.390
22.509 1312.390
22.509 1312.390
22.509 1312.390
22.509 1312.390
22.509 1312.390
22.509 1312.390
22.509 1312.390
22.509 1312.390
22.509 6158.739
22.509 1312.390
22.509 1312.390
22.509 1312.390
22.509 1312.390
22.509 1312.390
22.509 1312.390
22.509 1312.390
22.509 1312.390
22.509 1312.390
22.509 1312.390
22.509 1312.390
22.509 1312.390
22.509 1312.390
22.509 1312.390
22.509 1312.390
22.509 1312.390
22.509 1312.390
22.509 1312.390
22.509 1312.390
22.509 1312.390
22.509 1312.390
22.509 1312.390
22.509 1312.390
22.509 1312.390
22.509 1312.390
22.509 1312.390
22.509 6158.739
22.509 1312.390
22.509 1312.390
22.509 1312.390
22.509 1312.390
22.509 1312.390
22.509 1312.390
22.509 1312.390
22.509 1312.390
22.509 1312.390
22.509 1312.390
22.509 1312.390
22.509 1312.390
22.509 1312.390
22.509 1312.390
22.509 1312.390
22.509 1312.390
22.509 1312.390
22.509 1312.390
22.509 1312.390
22.509 1312.390
22.509 1312.390
22.509 1312.390
22.509 1312.390
22.509 1312.390
22.509 1312.390
22.509 6157.761
22.509 1312.390
22.509 1312.390
22.509 1312.390
22.509 1312.390
22.509 1312.390
22.509 1312.390
22.509 1312.390
22.509 1312.390
22.509 1312.390
22.509 1312.390
22.509 1312.390
22.509 1312.390
22.509 1312.390
22.509 1312.390
22.509 1312.390
22.509 1312.390
22.509 1312.390
22.509 1312.390
22.509 1312.390
22.509 1312.390
22.509 1312.390
22.509 1312.390
22.509 1312.390
22.509 1312.390
22.509 1312.390
22.509 1312.390
22.509 6159.718
22.509 1312.390
22.509 1312.390
22.509 1312.390
22.509 1312.390
22.509 1312.390
22.509 1312.390
22.509 1312.390
22.509 1312.390
22.509 1312.390
22.509 1312.390
22.509 1312.390
22.509 1312.390
22.509 1312.390
22.509 1312.390
22.509 1312.390
22.509 1312.390
22.509 1312.390
22.509 1312.390
22.509 1312.390
22.509 1312.390
22.509 1312.390
22.509 1312.390
22.509 1312.390
22.509 1312.390
22.509 1312.390
22.509 6157.761
22.509 1312.390
22.509 1312.390
22.509 1312.390
22.509 1312.390
22.509 1312.390
22.509 1312.390
22.509 1312.390
22.509 1312.390
22.509 1312.390
22.509 1312.390
22.509 1312.390
22.509 1312.390
22.509 1312.390
22.509 1312.390
22.509 1312.390
22.509 1312.390
22.509 1312.390
22.509 1312.390
22.509 1312.390
22.509 1312.390
22.509 1312.390
22.509 1312.390
22.509 1312.390
22.509 1312.390
22.509 1312.390
22.509 1312.390
22.509 6158.739
22.509 1312.390
22.509 1312.390
22.509 1312.390
22.509 1312.390
22.509 1312.390
22.509 1312.390
22.509 1312.390
22.509 1312.390
22.509 1312.390
22.509 1312.390
22.509 1312.390
22.509 1312.390
22.509 1312.390
22.509 1312.390
22.509 1312.390
22.509 1312.390
22.509 1312.390
22.509 1312.390
22.509 1312.390
22.509 1312.390
22.509 1312.390
22.509 1312.390
22.509 1312.390
22.509 1312.390
22.509 1312.390
22.509 6161.675
22.509 1312.390
22.509 1312.390
22.509 1312.390
22.509 1312.390
22.509 1312.390
22.509 1312.390
22.509 1312.390
22.509 1312.390
22.509 1312.390
22.509 1312.390
22.509 1312.390
22.509 1312.390
22.509 1312.390
22.509 1312.390
22.509 1312.390
22.509 1312.390
22.509 1312.390
22.509 1312.390
22.509 1312.390
22.509 1312.390
22.509 1312.390
22.509 1312.390
22.509 1312.390
22.509 1312.390
22.509 1312.390
22.509 1312.390
22.509 6158.739
22.509 1312.390
22.509 1312.390
22.509 1312.390
22.509 1312.390
22.509 1312.390
22.509 1312.390
22.509 1312.390
22.509 1312.390
22.509 1312.390
22.509 1312.390
22.509 1312.390
22.509 1312.390
22.509 1312.390
22.509 1312.390
22.509 1312.390
22.509 1312.390
22.509 1312.390
22.509 1312.390
22.509 1312.390
22.509 1312.390
22.509 1312.390
22.509 1312.390
22.509 1312.390
22.509 1312.390
22.509 1312.390
22.509 6157.761
22.509 1312.390
22.509 1312.390
22.509 1312.390
22.509 1312.390
22.509 1312.390
22.509 1312.390
22.509 1312.390
22.509 1312.390
22.509 1312.390
22.509 1312.390
22.509 1312.390
22.509 1312.390
22.509 1312.390
22.509 1312.390
22.509 1312.390
22.509 1312.390
22.509 1312.390
22.509 1312.390
22.509 1312.390
22.509 1312.390
22.509 1312.390
22.509 1312.390
22.509 1312.390
22.509 1312.390
22.509 1312.390
22.509 1312.390
22.509 6162.654
22.509 1312.390
22.509 1312.390
22.509 1312.390
22.509 1312.390
22.509 1312.390
22.509 1312.390
22.509 1312.390
22.509 1312.390
22.509 1312.390
22.509 1312.390
22.509 1312.390
22.509 1312.390
22.509 1312.390
22.509 1312.390
22.509 1312.390
22.509 1312.390
22.509 1312.390
22.509 1312.390
22.509 1312.390
22.509 1312.390
22.509 1312.390
22.509 1312.390
22.509 1312.390
22.509 1312.390
22.509 1312.390
22.509 6157.761
22.509 1312.390
22.509 1312.390
22.509 1312.390
22.509 1312.390
22.509 1312.390
22.509 1312.390
22.509 1312.390
22.509 1312.390
22.509 1312.390
22.509 1312.390
22.509 1312.390
22.509 1312.390
22.509 1312.390
22.509 1312.390
22.509 1312.390
22.509 1312.390
22.509 1312.390
22.509 1312.390
22.509 1312.390
22.509 1312.390
22.509 1312.390
22.509 1312.390
22.509 1312.390
22.509 1312.390
22.509 1312.390
22.509 1312.390
22.509 6158.739
22.509 1312.390
22.509 1312.390
22.509 1312.390
22.509 1312.390
22.509 1312.390
22.509 1312.390
22.509 1312.390
22.509 1312.390
22.509 1312.390
22.509 1312.390
22.509 1312.390
22.509 1312.390
22.509 1312.390
22.509 1312.390
22.509 1312.390
22.509 1312.390
22.509 1312.390
22.509 1312.390
22.509 1312.390
22.509 1312.390
22.509 1312.390
22.509 1312.390
22.509 1312.390
22.509 1312.390
22.509 1312.390
22.509 6157.761
22.509 1312.390
22.509 1312.390
22.509 1312.390
22.509 1312.390
22.509 1312.390
22.509 1312.390
22.509 1312.390
22.509 1312.390
22.509 1312.390
22.509 1312.390
22.509 1312.390
22.509 1312.390
22.509 1312.390
22.509 1312.390
22.509 1312.390
22.509 1312.390
22.509 1312.390
22.509 1312.390
22.509 1312.390
22.509 1312.390
22.509 1312.390
22.509 1312.390
22.509 1312.390
22.509 1312.390
22.509 1312.390
22.509 1312.390
22.509 6158.739
22.509 1312.390
22.509 1312.390
22.509 1312.390
22.509 1312.390
22.509 1312.390
22.509 1312.390
22.509 1312.390
22.509 1312.390
22.509 1312.390
22.509 1312.390
22.509 1312.390
22.509 1312.390
22.509 1312.390
22.509 1312.390
22.509 1312.390
22.509 1312.390
22.509 1312.390
22.509 1312.390
22.509 1312.390
22.509 1312.390
22.509 1312.390
22.509 1312.390
22.509 1312.390
22.509 1312.390
22.509 1312.390
22.509 7869.446
22.509 1312.390
22.509 1312.390
22.509 1312.390
22.509 1312.390
22.509 1312.390
22.509 1312.390
22.509 1312.390
22.509 1312.390
22.509 1312.390
22.509 1312.390
22.509 1312.390
22.509 1312.390
22.509 1312.390
22.509 1312.390
22.509 1312.390
22.509 1312.390
22.509 1312.390
22.509 1312.390
22.509 1312.390
22.509 1312.390
22.509 1312.390
22.509 1312.390
22.509 1312.390
22.509 1312.390
22.509 1312.390
22.509 1312.390
22.509 6167.547
22.509 1312.390
22.509 1312.390
22.509 1312.390
22.509 1312.390
22.509 1312.390
22.509 1312.390
22.509 1312.390
22.509 1312.390
22.509 1312.390
22.509 1312.390
22.509 1312.390
22.509 1312.390
22.509 1312.390
22.509 1312.390
22.509 1312.390
22.509 1312.390
22.509 1312.390
22.509 1312.390
22.509 1312.390
22.509 1312.390
22.509 1312.390
22.509 1312.390
22.509 1312.390
22.509 1312.390
22.509 1312.390
22.509 6155.803
22.509 1312.390
22.509 1312.390
22.509 1312.390
22.509 1312.390
22.509 1312.390
22.509 1312.390
22.509 1312.390
22.509 1312.390
22.509 1312.390
22.509 1312.390
22.509 1312.390
22.509 1312.390
22.509 1312.390
22.509 1312.390
22.509 1312.390
22.509 1312.390
22.509 1312.390
22.509 1312.390
22.509 1312.390
22.509 1312.390
22.509 1312.390
22.509 1312.390
22.509 1312.390
22.509 1312.390
22.509 1312.390
22.509 1312.390
22.509 6167.547
22.509 1312.390
22.509 1312.390
22.509 1312.390
22.509 1312.390
22.509 1312.390
22.509 1312.390
22.509 1312.390
22.509 1312.390
22.509 1312.390
22.509 1312.390
22.509 1312.390
22.509 1312.390
22.509 1312.390
22.509 1312.390
22.509 1312.390
22.509 1312.390
22.509 1312.390
22.509 1312.390
22.509 1312.390
22.509 1312.390
22.509 1312.390
22.509 1312.390
22.509 1312.390
22.509 1312.390
22.509 1312.390
22.509 6155.803
22.509 1312.390
22.509 1312.390
22.509 1312.390
22.509 1312.390
22.509 1312.390
22.509 1312.390
22.509 1312.390
22.509 1312.390
22.509 1312.390
22.509 1312.390
22.509 1312.390
22.509 1312.390
22.509 1312.390
22.509 1312.390
22.509 1312.390
22.509 1312.390
22.509 1312.390
22.509 1312.390
22.509 1312.390
22.509 1312.390
22.509 1312.390
22.509 1312.390
22.509 1312.390
22.509 1312.390
22.509 1312.390
22.509 1312.390
22.509 6167.547
22.509 1312.390
22.509 1312.390
22.509 1312.390
22.509 1312.390
22.509 1312.390
22.509 1312.390
22.509 1312.390
22.509 1312.390
22.509 1312.390
22.509 1312.390
22.509 1312.390
22.509 1312.390
22.509 1312.390
22.509 1312.390
22.509 1312.390
22.509 1312.390
22.509 1312.390
22.509 1312.390
22.509 1312.390
22.509 1312.390
22.509 1312.390
22.509 1312.390
22.509 1312.390
22.509 1312.390
22.509 1312.390
22.509 7776.473
22.509 1312.390
22.509 1312.390
22.509 1312.390
22.509 1312.390
22.509 1312.390
22.509 1312.390
22.509 1312.390
22.509 1312.390
22.509 1312.390
22.509 1312.390
22.509 1312.390
22.509 1312.390
22.509 1312.390
22.509 1312.390
22.509 1312.390
22.509 1312.390
22.509 1312.390
22.509 1312.390
22.509 1312.390
22.509 1312.390
22.509 1312.390
22.509 1312.390
22.509 1312.390
22.509 1312.390
22.509 1312.390
22.509 1312.390
22.509 6158.739
22.509 1312.390
22.509 1312.390
22.509 1312.390
22.509 1312.390
22.509 1312.390
22.509 1312.390
22.509 1312.390
22.509 1312.390
22.509 1312.390
22.509 1312.390
22.509 1312.390
22.509 1312.390
22.509 1312.390
22.509 1312.390
22.509 1312.390
22.509 1312.390
22.509 1312.390
22.509 1312.390
22.509 1312.390
22.509 1312.390
22.509 1312.390
22.509 1312.390
22.509 1312.390
22.509 1312.390
22.509 1312.390
22.509 6157.761
22.509 1312.390
22.509 1312.390
22.509 1312.390
22.509 1312.390
22.509 1312.390
22.509 1312.390
22.509 1312.390
22.509 1312.390
22.509 1312.390
22.509 1312.390
22.509 1312.390
22.509 1312.390
22.509 1312.390
22.509 1312.390
22.509 1312.390
22.509 1312.390
22.509 1312.390
22.509 1312.390
22.509 1312.390
22.509 1312.390
22.509 1312.390
22.509 1312.390
22.509 1312.390
22.509 1312.390
22.509 1312.390
22.509 1312.390
22.509 6158.739
22.509 1312.390
22.509 1312.390
22.509 1312.390
22.509 1312.390
22.509 1312.390
22.509 1312.390
22.509 1312.390
22.509 1312.390
22.509 1312.390
22.509 1312.390
22.509 1312.390
22.509 1312.390
22.509 1312.390
22.509 1312.390
22.509 1312.390
22.509 1312.390
22.509 1312.390
22.509 1312.390
22.509 1312.390
22.509 1312.390
22.509 1312.390
22.509 1312.390
22.509 1312.390
22.509 1312.390
22.509 1312.390
22.509 6157.761
22.509 1312.390
22.509 1312.390
22.509 1312.390
22.509 1312.390
22.509 1312.390
22.509 1312.390
22.509 1312.390
22.509 1312.390
22.509 1312.390
22.509 1312.390
22.509 1312.390
22.509 1312.390
22.509 1312.390
22.509 1312.390
22.509 1312.390
22.509 1312.390
22.509 1312.390
22.509 1312.390
22.509 1312.390
22.509 1312.390
22.509 1312.390
22.509 1312.390
22.509 1312.390
22.509 1312.390
22.509 1312.390
22.509 1312.390
22.509 6158.739
22.509 1312.390
22.509 1312.390
22.509 1312.390
22.509 1312.390
22.509 1312.390
22.509 1312.390
22.509 1312.390
22.509 1312.390
22.509 1312.390
22.509 1312.390
22.509 1312.390
22.509 1312.390
22.509 1312.390
22.509 1312.390
22.509 1312.390
22.509 1312.390
22.509 1312.390
22.509 1312.390
22.509 1312.390
22.509 1312.390
22.509 1312.390
22.509 1312.390
22.509 1312.390
22.509 1312.390
22.509 1312.390
22.509 6157.761
22.509 1312.390
22.509 1312.390
22.509 1312.390
22.509 1312.390
22.509 1312.390
22.509 1312.390
22.509 1312.390
22.509 1312.390
22.509 1312.390
22.509 1312.390
22.509 1312.390
22.509 1312.390
22.509 1312.390
22.509 1312.390
22.509 1312.390
22.509 1312.390
22.509 1312.390
22.509 1312.390
22.509 1312.390
22.509 1312.390
22.509 1312.390
22.509 1312.390
22.509 1312.390
22.509 1312.390
22.509 1312.390
22.509 1312.390
22.509 6158.739
22.509 1312.390
22.509 1312.390
22.509 1312.390
22.509 1312.390
22.509 1312.390
22.509 1312.390
22.509 1312.390
22.509 1312.390
22.509 1312.390
22.509 1312.390
22.509 1312.390
22.509 1312.390
22.509 1312.390
22.509 1312.390
22.509 1312.390
22.509 1312.390
22.509 1312.390
22.509 1312.390
22.509 1312.390
22.509 1312.390
22.509 1312.390
22.509 1312.390
22.509 1312.390
22.509 1312.390
22.509 1312.390
22.509 6157.761
22.509 1312.390
22.509 1312.390
22.509 1312.390
22.509 1312.390
22.509 1312.390
22.509 1312.390
22.509 1312.390
22.509 1312.390
22.509 1312.390
22.509 1312.390
22.509 1312.390
22.509 1312.390
22.509 1312.390
22.509 1312.390
22.509 1312.390
22.509 1312.390
22.509 1312.390
22.509 1312.390
22.509 1312.390
22.509 1312.390
22.509 1312.390
22.509 1312.390
22.509 1312.390
22.509 1312.390
22.509 1312.390
22.509 1312.390
22.509 6162.654
22.509 1312.390
22.509 1312.390
22.509 1312.390
22.509 1312.390
22.509 1312.390
22.509 1312.390
22.509 1312.390
22.509 1312.390
22.509 1312.390
22.509 1312.390
22.509 1312.390
22.509 1312.390
22.509 1312.390
22.509 1312.390
22.509 1312.390
22.509 1312.390
22.509 1312.390
22.509 1312.390
22.509 1312.390
22.509 1312.390
22.509 1312.390
22.509 1312.390
22.509 1312.390
22.509 1312.390
22.509 1312.390
22.509 6157.761
22.509 1312.390
22.509 1312.390
22.509 1312.390
22.509 1312.390
22.509 1312.390
22.509 1312.390
22.509 1312.390
22.509 1312.390
22.509 1312.390
22.509 1312.390
22.509 1312.390
22.509 1312.390
22.509 1312.390
22.509 1312.390
22.509 1312.390
22.509 1312.390
22.509 1312.390
22.509 1312.390
22.509 1312.390
22.509 1312.390
22.509 1312.390
22.509 1312.390
22.509 1312.390
22.509 1312.390
22.509 1312.390
22.509 1312.390
22.509 6147.974
22.509 1312.390
22.509 1312.390
22.509 1312.390
22.509 1312.390
22.509 1312.390
22.509 1312.390
22.509 1312.390
22.509 1312.390
22.509 1312.390
22.509 1312.390
22.509 1312.390
22.509 1312.390
22.509 1312.390
22.509 1312.390
22.509 1312.390
22.509 1312.390
22.509 1312.390
22.509 1312.390
22.509 1312.390
22.509 1312.390
22.509 1312.390
22.509 1312.390
22.509 1312.390
22.509 1312.390
22.509 1312.390
22.509 6157.761
22.509 1312.390
22.509 1312.390
22.509 1312.390
22.509 1312.390
22.509 1312.390
22.509 1312.390
22.509 1312.390
22.509 1312.390
22.509 1312.390
22.509 1312.390
22.509 1312.390
22.509 1312.390
22.509 1312.390
22.509 1312.390
22.509 1312.390
22.509 1312.390
22.509 1312.390
22.509 1312.390
22.509 1312.390
22.509 1312.390
22.509 1312.390
22.509 1312.390
22.509 1312.390
22.509 1312.390
22.509 1312.390
22.509 1312.390
22.509 6158.739
22.509 1312.390
22.509 1312.390
22.509 1312.390
22.509 1312.390
22.509 1312.390
22.509 1312.390
22.509 1312.390
22.509 1312.390
22.509 1312.390
22.509 1312.390
22.509 1312.390
22.509 1312.390
22.509 1312.390
22.509 1312.390
22.509 1312.390
22.509 1312.390
22.509 1312.390
22.509 1312.390
22.509 1312.390
22.509 1312.390
22.509 1312.390
22.509 1312.390
22.509 1312.390
22.509 1312.390
22.509 1312.390
22.509 6157.761
22.509 1312.390
22.509 1312.390
22.509 1312.390
22.509 1312.390
22.509 1312.390
22.509 1312.390
22.509 1312.390
22.509 1312.390
22.509 1312.390
22.509 1312.390
22.509 1312.390
22.509 1312.390
22.509 1312.390
22.509 1312.390
22.509 1312.390
22.509 1312.390
22.509 1312.390
22.509 1312.390
22.509 1312.390
22.509 1312.390
22.509 1312.390
22.509 1312.390
22.509 1312.390
22.509 1312.390
22.509 1312.390
22.509 1312.390
22.509 6147.974
22.509 1312.390
22.509 1312.390
22.509 1312.390
22.509 1312.390
22.509 1312.390
22.509 1312.390
22.509 1312.390
22.509 1312.390
22.509 1312.390
22.509 1312.390
22.509 1312.390
22.509 1312.390
22.509 1312.390
22.509 1312.390
22.509 1312.390
22.509 1312.390
22.509 1312.390
22.509 1312.390
22.509 1312.390
22.509 1312.390
22.509 1312.390
22.509 1312.390
22.509 1312.390
22.509 1312.390
22.509 1312.390
22.509 6161.675
22.509 1312.390
22.509 1312.390
22.509 1312.390
22.509 1312.390
22.509 1312.390
22.509 1312.390
22.509 1312.390
22.509 1312.390
22.509 1312.390
22.509 1312.390
22.509 1312.390
22.509 1312.390
22.509 1312.390
22.509 1312.390
22.509 1312.390
22.509 1312.390
22.509 1312.390
22.509 1312.390
22.509 1312.390
22.509 1312.390
22.509 1312.390
22.509 1312.390
22.509 1312.390
22.509 1312.390
22.509 1312.390
22.509 1312.390
22.509 6158.739
22.509 1312.390
22.509 1312.390
22.509 1312.390
22.509 1312.390
22.509 1312.390
22.509 1312.390
22.509 1312.390
22.509 1312.390
22.509 1312.390
22.509 1312.390
22.509 1312.390
22.509 1312.390
22.509 1312.390
22.509 1312.390
22.509 1312.390
22.509 1312.390
22.509 1312.390
22.509 1312.390
22.509 1312.390
22.509 1312.390
22.509 1312.390
22.509 1312.390
22.509 1312.390
22.509 1312.390
22.509 1312.390
22.509 6157.761
22.509 1312.390
22.509 1312.390
22.509 1312.390
22.509 1312.390
22.509 1312.390
22.509 1312.390
22.509 1312.390
22.509 1312.390
22.509 1312.390
22.509 1312.390
22.509 1312.390
22.509 1312.390
22.509 1312.390
22.509 1312.390
22.509 1312.390
22.509 1312.390
22.509 1312.390
22.509 1312.390
22.509 1312.390
22.509 1312.390
22.509 1312.390
22.509 1312.390
22.509 1312.390
22.509 1312.390
22.509 1312.390
22.509 1312.390
22.509 7064.983
22.509 1977.882
22.509 1977.882
22.509 1977.882
22.509 1977.882
22.509 1977.882
22.509 1977.882
22.509 1977.882
22.509 1977.882
22.509 1977.882
22.509 1977.882
22.509 1977.882
22.509 1977.882
22.509 1977.882
22.509 1977.882
22.509 1977.882
22.509 1977.882
22.509 1977.882
22.509 6842.826
17.616 1982.775
17.616 1982.775
17.616 1982.775
17.616 1982.775
17.616 1982.775
17.616 1982.775
17.616 1982.775
17.616 1982.775
17.616 1982.775
17.616 1982.775
17.616 1982.775
17.616 1982.775
17.616 1982.775
17.616 1982.775
17.616 1982.775
17.616 1982.775
17.616 1982.775
17.616 6843.805
17.616 1982.775
17.616 1982.775
17.616 1982.775
17.616 1982.775
17.616 1982.775
17.616 1982.775
17.616 1982.775
17.616 1982.775
17.616 1982.775
17.616 1982.775
17.616 1982.775
17.616 1982.775
17.616 1982.775
17.616 1982.775
17.616 1982.775
17.616 1982.775
17.616 1982.775
17.616 6847.720
12.723 1987.669
12.723 1987.669
12.723 1987.669
12.723 1987.669
12.723 1987.669
12.723 1987.669
12.723 1987.669
12.723 1987.669
12.723 1987.669
12.723 1987.669
12.723 1987.669
12.723 1987.669
12.723 1987.669
12.723 1987.669
12.723 1987.669
12.723 1987.669
12.723 1987.669
12.723 6849.677
12.723 1987.669
12.723 1987.669
12.723 1987.669
12.723 1987.669
12.723 1987.669
12.723 1987.669
12.723 1987.669
12.723 1987.669
12.723 1987.669
12.723 1987.669
12.723 1987.669
12.723 1987.669
12.723 1987.669
12.723 1987.669
12.723 1987.669
12.723 1987.669
12.723 1987.669
12.723 6847.720
12.723 1987.669
12.723 1987.669
12.723 1987.669
12.723 1987.669
12.723 1987.669
12.723 1987.669
12.723 1987.669
12.723 1987.669
12.723 1987.669
12.723 1987.669
12.723 1987.669
12.723 1987.669
12.723 1987.669
12.723 1987.669
12.723 1987.669
12.723 1987.669
12.723 1987.669
12.723 6853.592
7.829 1992.562
7.829 1992.562
7.829 1992.562
7.829 1992.562
7.829 1992.562
7.829 1992.562
7.829 1992.562
7.829 1992.562
7.829 1992.562
7.829 1992.562
7.829 1992.562
7.829 1992.562
7.829 1992.562
7.829 1992.562
7.829 1992.562
7.829 1992.562
7.829 1992.562
7.829 8565.277
7.829 1992.562
7.829 1992.562
7.829 1992.562
7.829 1992.562
7.829 1992.562
7.829 1992.562
7.829 1992.562
7.829 1992.562
7.829 1992.562
7.829 1992.562
7.829 1992.562
7.829 1992.562
7.829 1992.562
7.829 1992.562
7.829 1992.562
7.829 1992.562
7.829 1992.562
7.829 6862.400
7.829 1992.562
7.829 1992.562
7.829 1992.562
7.829 1992.562
7.829 1992.562
7.829 1992.562
7.829 1992.562
7.829 1992.562
7.829 1992.562
7.829 1992.562
7.829 1992.562
7.829 1992.562
7.829 1992.562
7.829 1992.562
7.829 1992.562
7.829 1992.562
7.829 1992.562
7.829 6850.656
7.829 1992.562
7.829 1992.562
7.829 1992.562
7.829 1992.562
7.829 1992.562
7.829 1992.562
7.829 1992.562
7.829 1992.562
7.829 1992.562
7.829 1992.562
7.829 1992.562
7.829 1992.562
7.829 1992.562
7.829 1992.562
7.829 1992.562
7.829 1992.562
7.829 1992.562
7.829 6866.314
7.829 1992.562
7.829 1992.562
7.829 1992.562
7.829 1992.562
7.829 1992.562
7.829 1992.562
7.829 1992.562
7.829 1992.562
7.829 1992.562
7.829 1992.562
7.829 1992.562
7.829 1992.562
7.829 1992.562
7.829 1992.562
7.829 1992.562
7.829 1992.562
7.829 1992.562
7.829 8558.426
7.829 1992.562
7.829 1992.562
7.829 1992.562
7.829 1992.562
7.829 1992.562
7.829 1992.562
7.829 1992.562
7.829 1992.562
7.829 1992.562
7.829 1992.562
7.829 1992.562
7.829 1992.562
7.829 1992.562
7.829 1992.562
7.829 1992.562
7.829 1992.562
7.829 1992.562
7.829 6856.528
7.829 1992.562
7.829 1992.562
7.829 1992.562
7.829 1992.562
7.829 1992.562
7.829 1992.562
7.829 1992.562
7.829 1992.562
7.829 1992.562
7.829 1992.562
7.829 1992.562
7.829 1992.562
7.829 1992.562
7.829 1992.562
7.829 1992.562
7.829 1992.562
7.829 1992.562
7.829 6855.549
7.829 1992.562
7.829 1992.562
7.829 1992.562
7.829 1992.562
7.829 1992.562
7.829 1992.562
7.829 1992.562
7.829 1992.562
7.829 1992.562
7.829 1992.562
7.829 1992.562
7.829 1992.562
7.829 1992.562
7.829 1992.562
7.829 1992.562
7.829 1992.562
7.829 1992.562
7.829 8466.432
7.829 1992.562
7.829 1992.562
7.829 1992.562
7.829 1992.562
7.829 1992.562
7.829 1992.562
7.829 1992.562
7.829 1992.562
7.829 1992.562
7.829 1992.562
7.829 1992.562
7.829 1992.562
7.829 1992.562
7.829 1992.562
7.829 1992.562
7.829 1992.562
7.829 1992.562
7.829 6846.741
7.829 1992.562
7.829 1992.562
7.829 1992.562
7.829 1992.562
7.829 1992.562
7.829 1992.562
7.829 1992.562
7.829 1992.562
7.829 1992.562
7.829 1992.562
7.829 1992.562
7.829 1992.562
7.829 1992.562
7.829 1992.562
7.829 1992.562
7.829 1992.562
7.829 1992.562
7.829 6847.720
7.829 1992.562
7.829 1992.562
7.829 1992.562
7.829 1992.562
7.829 1992.562
7.829 1992.562
7.829 1992.562
7.829 1992.562
7.829 1992.562
7.829 1992.562
7.829 1992.562
7.829 1992.562
7.829 1992.562
7.829 1992.562
7.829 1992.562
7.829 1992.562
7.829 1992.562
7.829 6850.656
7.829 1992.562
7.829 1992.562
7.829 1992.562
7.829 1992.562
7.829 1992.562
7.829 1992.562
7.829 1992.562
7.829 1992.562
7.829 1992.562
7.829 1992.562
7.829 1992.562
7.829 1992.562
7.829 1992.562
7.829 1992.562
7.829 1992.562
7.829 1992.562
7.829 1992.562
7.829 6672.539
22.509 1664.709
22.509 1664.709
22.509 1664.709
22.509 1664.709
22.509 1664.709
22.509 1664.709
22.509 1664.709
22.509 1664.709
22.509 1664.709
22.509 1664.709
22.509 1664.709
22.509 1664.709
22.509 1664.709
22.509 1664.709
22.509 1664.709
22.509 1664.709
22.509 1664.709
22.509 1664.709
22.509 1664.709
22.509 1664.709
22.509 9860.051
17.616 1669.603
17.616 1669.603
17.616 1669.603
17.616 1669.603
17.616 1669.603
17.616 1669.603
17.616 1669.603
17.616 1669.603
17.616 1669.603
17.616 1669.603
17.616 1669.603
17.616 1669.603
17.616 1669.603
17.616 1669.603
17.616 1669.603
17.616 1669.603
17.616 1669.603
17.616 1669.603
17.616 1669.603
17.616 1669.603
17.616 6539.440
17.616 1669.603
17.616 1669.603
17.616 1669.603
17.616 1669.603
17.616 1669.603
17.616 1669.603
17.616 1669.603
17.616 1669.603
17.616 1669.603
17.616 1669.603
17.616 1669.603
17.616 1669.603
17.616 1669.603
17.616 1669.603
17.616 1669.603
17.616 1669.603
17.616 1669.603
17.616 1669.603
17.616 1669.603
17.616 1669.603
17.616 6543.355
12.723 1674.496
12.723 1674.496
12.723 1674.496
12.723 1674.496
12.723 1674.496
12.723 1674.496
12.723 1674.496
12.723 1674.496
12.723 1674.496
12.723 1674.496
